-1.017391 -7.417392 0.652174
1.311111 -7.622223 1.244445
-3.165681 -6.521894 -1.964497
2.597260 -5.254795 -1.756164
-4.847059 -0.894118 2.564706
4.854545 -0.683117 2.940260
-4.767442 -2.246512 0.772093
4.932632 -1.863158 0.538948
4.566667 -5.266667 4.350000
-3.065116 -2.339535 5.460465
-2.430000 -5.830000 4.800000
2.636923 -5.190770 5.267693
-4.440000 -5.608000 0.304000
4.130435 -4.982609 -0.695652
-3.857143 -7.314286 3.685715
-3.342857 -0.908995 -2.035979
3.420000 -0.220000 -2.480000
-1.229508 -2.462295 5.901640
1.722807 -2.270176 5.901755
2.619048 -5.857143 3.638096
5.800000 -2.555556 3.777778
-5.400000 -4.723077 3.671795
5.505263 -4.389474 2.821053
-2.926904 1.674112 0.804061
4.023529 2.447059 0.988236
-1.580000 -8.760000 -0.180000
1.900000 -7.800000 -0.775000
-2.245714 1.228571 4.777143
2.203306 1.290909 4.515703
2.495652 4.008696 2.869566
-1.494118 3.494118 4.917647
-2.344445 4.566667 -0.233333
2.527273 1.755555 -0.286868
-5.769231 -4.415385 -0.676923
6.187097 -3.541936 -1.238709
-2.339131 4.478261 2.347826
1.830769 5.738461 2.000000
-0.007408 -5.311111 3.096297
0.058823 4.043137 0.956863
